--------------------------------------------------------------------------------
Language                      files          blank        comment           code
--------------------------------------------------------------------------------
C/C++ Header                    760          92084         108958         429818
C                               220          11721          22006         132426
Python                          470          22720          34476          98300
JavaScript                      333           1901           1328          36564
Arduino Sketch                  204           5286           9030          26277
Scheme                            3             24              0          23848
C++                              79           5020           9089          23057
JSON                             19              1              0           7000
XML                              28              9             13           2425
make                             16           1245           1723           2317
Markdown                         50            692              0           1858
Bourne Shell                      7            129            239            703
HTML                              6              3             21            592
CSS                               4              2              7            481
Gradle                            3             24             93            191
reStructuredText                  2             84             13            169
Bourne Again Shell                2             20             26            138
DOS Batch                         7             44              2            103
Objective C                       3             35             65             93
Assembly                          1             10             75             93
Java                              2             16              4             92
YAML                              4             12             18             81
Starlark                          1              2              1             16
Swift                             1              1              4              1
ProGuard                          1              4             16              1
--------------------------------------------------------------------------------
SUM:                           2226         141089         187207         786644
--------------------------------------------------------------------------------
